=======================RPT_11.0_09_28_17.csv=====================================

adamara|Cetera Advisor Networks|F|0|0|0|0|0|0|0|0|2|0|0|0|0|0|0|0|0|0|0|0|0
phavisetr|Cetera Advisor Networks|F|0|0|7|1|1|2|0|0|0|0|0|0|0|0|0|0|0|0|0|0|0
adamara|Cetera Advisors|F|0|0|0|0|0|0|0|0|1|1|1|0|0|0|0|0|0|0|0|0|0
gruganc|Cetera Advisor Networks|F|0|0|0|0|0|0|0|0|7|0|1|0|0|0|0|0|0|0|0|0|0
gruganc|Cetera Advisors|F|0|0|0|0|0|0|0|0|1|0|0|0|0|0|0|0|0|0|0|0|0
jainp|Cetera Advisors|F|0|0|0|0|0|0|0|0|0|1|0|0|0|0|0|0|0|0|0|0|0
halversonc|Cetera Advisor Networks|F|0|0|0|0|0|0|0|0|0|1|0|0|0|0|0|0|0|0|0|0|0
yeohf|Cetera Advisors|F|0|0|1|1|1|0|0|0|0|0|0|0|0|0|0|0|0|0|0|0|0
schadlerm|Cetera Advisors|F|0|0|0|0|0|0|0|0|0|3|0|0|0|0|0|0|0|0|0|0|0
halversonc|Cetera Advisors|F|0|0|0|0|0|0|0|0|0|1|0|0|0|0|0|0|0|0|0|0|0
jainu|Cetera Financial Specialists|F|0|0|0|0|0|0|0|0|1|0|0|0|0|0|0|0|0|0|0|0|0
mevans|Cetera Advisor Networks|F|0|0|4|13|1|5|0|0|0|0|1|0|0|0|0|0|0|0|0|0|0
goela|Cetera Advisor Networks|F|0|0|0|0|0|0|0|0|2|1|1|0|0|0|0|0|0|0|0|0|0
kocken|Cetera Advisors|F|0|0|2|4|2|0|0|0|0|0|0|0|0|0|0|0|0|0|0|0|0
training1|Cetera Advisor Networks|F|0|0|0|0|0|0|0|0|2|4|0|0|0|0|0|0|0|0|0|0|0
hameeds|Cetera Advisors|F|0|0|0|0|0|0|0|0|6|4|0|0|0|0|0|0|0|0|0|0|0
acary|Cetera Advisors|F|0|0|3|6|0|3|0|0|0|0|0|0|0|0|0|0|0|0|0|0|0
hameeds|Cetera Advisor Networks|F|0|0|0|0|0|0|0|0|8|3|0|1|0|0|0|0|0|0|0|0|0
yeohf|Cetera Advisor Networks|F|0|0|1|0|0|0|0|0|0|0|0|0|0|0|0|0|0|0|0|0|0
linj|Cetera Advisors|F|0|0|2|0|0|0|0|0|0|0|0|0|0|0|0|0|0|0|0|3|0
phavisetr|Cetera Financial Specialists|F|0|0|0|1|1|1|0|0|0|0|0|0|0|0|0|0|0|0|0|0|0
training1|Cetera Financial Specialists|F|0|0|0|0|0|0|0|0|0|1|0|0|0|0|0|0|0|0|0|0|0
rolofsonn|Cetera Advisor Networks|F|0|0|0|0|0|0|0|0|0|0|0|0|0|0|0|0|0|0|0|2|0
jonesr|Cetera Advisor Networks|F|0|0|1|1|1|1|0|0|0|0|0|0|0|0|0|0|0|0|0|0|0
goela|Cetera Financial Specialists|F|0|0|0|0|0|0|0|0|1|1|0|0|0|0|0|0|0|0|0|0|0
training1|Cetera Advisors|F|0|0|0|0|0|0|0|0|0|2|0|0|0|0|0|0|0|0|0|0|0
phavisetr|Cetera Advisors|F|0|0|0|7|0|0|0|0|0|0|0|0|0|0|0|0|0|0|0|0|0
wardn|Cetera Advisor Networks|F|0|0|0|1|0|0|0|0|0|0|0|0|0|0|0|0|0|0|0|0|0
pdubey|Cetera Advisor Networks|F|0|0|0|0|0|0|0|0|2|2|0|0|0|1|0|0|0|0|0|0|0
kocken|Cetera Advisor Networks|F|0|0|4|11|0|5|0|0|0|0|1|1|0|0|0|1|0|0|0|0|0
goela|Cetera Advisors|F|0|0|0|0|0|0|0|0|1|1|0|0|0|0|0|0|0|0|0|0|0
jainu|Cetera Advisor Networks|F|0|0|0|0|0|0|0|0|4|6|0|0|0|0|0|0|0|0|0|0|0
jainu|Cetera Advisors|F|0|0|0|0|0|0|0|0|1|3|0|1|0|0|0|0|0|0|0|0|0
enosa|Cetera Advisors|F|0|0|0|0|0|0|0|0|1|0|0|0|0|0|0|0|0|0|0|0|0
schadlerm|Cetera Advisor Networks|F|0|0|0|0|0|0|0|0|0|8|0|0|0|0|0|0|0|0|0|0|0
mevans|Cetera Advisors|F|0|0|0|4|0|6|0|0|0|0|0|0|0|0|0|0|0|0|0|0|0
linj|Cetera Advisor Networks|F|0|0|1|0|1|0|0|0|0|0|0|0|0|0|0|0|0|0|1|2|0
acary|Cetera Advisor Networks|F|0|0|1|3|2|3|0|0|0|0|0|0|0|0|0|0|0|0|2|0|0
schadlerm|Cetera Financial Specialists|F|0|0|0|0|0|0|0|0|0|1|0|0|0|0|0|0|0|0|0|0|0
jonesr|Cetera Advisors|F|0|0|0|0|0|1|0|0|0|0|0|0|0|0|0|0|0|0|0|0|0
enosa|Cetera Advisor Networks|F|0|0|0|0|0|0|0|0|0|1|0|0|0|0|1|0|0|0|0|0|0
kantc|Cetera Advisors|F|0|0|0|0|0|0|0|0|4|5|0|0|0|0|0|0|0|0|0|0|0
lovana|Cetera Advisor Networks|F|0|0|2|7|0|0|0|0|0|0|0|0|0|0|0|0|0|0|1|0|0
acary|Cetera Financial Specialists|F|0|0|0|1|2|0|0|0|0|0|0|0|0|0|0|0|0|0|0|0|0
kantc|Cetera Advisor Networks|F|0|0|0|0|0|0|0|0|4|3|0|0|0|0|0|0|0|0|0|0|0
sharmam|Cetera Advisors|F|0|0|0|0|0|0|0|0|0|3|0|0|0|0|0|0|0|0|0|0|0
signhr|Cetera Advisors|F|0|0|0|0|0|0|0|0|1|2|0|1|0|0|0|0|0|0|0|0|0
jainp|Cetera Advisor Networks|F|0|0|0|0|0|0|0|0|1|0|0|0|0|0|0|0|0|0|0|0|0
lovana|Cetera Advisors|F|1|0|2|7|1|1|0|0|0|0|1|0|0|0|0|0|0|0|0|2|0
pdubey|Cetera Advisors|F|0|0|0|0|0|0|0|0|1|3|0|2|0|1|0|0|0|0|0|0|0
sharmam|Cetera Advisor Networks|F|0|0|0|0|0|0|0|0|0|5|0|0|0|0|0|0|0|0|0|0|0
signhr|Cetera Advisor Networks|F|0|0|0|0|0|0|0|0|2|5|0|0|0|0|0|0|0|0|0|0|0


=======================================RPT_11.1_09_28_17===================================================

atmars|Cetera Advisor Networks|0|0|0|0|0|0|0|0|0|0|0|0|8|0|3|0|0|0|0|0|0|0|0|0|0|0|0|0|0|0|0|0|0|0|0|0|0|0|0|0|0|0|0|0|0|2|0|0|0|0|0|0|0|0|0|0|0|0|0|0|0|0|0|0|0|0
mayerm|Cetera Advisors|0|0|0|0|0|2|0|0|0|0|0|0|0|0|0|0|0|0|0|0|0|0|0|0|0|0|0|0|0|0|4|0|0|0|0|0|0|0|0|0|0|1|0|0|0|0|0|0|0|0|0|0|0|0|0|2|0|0|0|0|0|0|0|0|0|0
santoshn|Cetera Financial Specialists|0|0|0|0|0|0|0|0|0|0|0|0|0|0|0|0|0|0|0|0|0|0|0|0|0|0|0|0|0|0|0|0|0|0|0|0|0|0|0|0|0|0|0|0|0|0|0|0|0|0|0|0|0|0|0|0|0|0|0|0|0|0|0|0|1|0
jprakash|Summit|2|0|0|0|0|0|0|0|0|0|0|0|0|0|0|0|0|0|0|0|0|0|0|0|0|0|0|0|0|0|0|0|0|0|0|0|0|0|0|0|0|0|0|0|0|0|0|0|0|0|0|0|0|0|0|0|0|0|0|0|0|0|0|0|0|0
ankitg||0|1|0|0|0|0|0|0|0|0|0|0|0|0|0|0|0|0|0|0|0|0|0|0|0|0|0|0|0|0|0|0|0|0|0|0|0|0|0|0|0|0|0|0|0|0|0|0|0|0|0|0|0|0|0|0|0|0|0|0|0|0|0|0|0|0
jprakash|Cetera Advisor Networks|40|0|2|0|0|0|0|0|0|0|0|0|0|0|0|0|0|0|0|0|0|0|0|0|0|0|0|0|0|0|0|0|0|0|0|0|0|0|0|0|0|0|0|0|0|0|0|0|0|0|0|0|0|0|0|0|0|0|0|0|0|0|0|0|0|0
atmars|Cetera Financial Specialists|0|0|0|0|0|0|0|0|0|0|0|0|2|0|1|0|0|0|0|0|0|0|0|0|0|0|0|0|0|0|0|0|0|0|0|0|0|0|0|0|0|0|0|0|0|1|1|0|0|0|0|0|0|0|0|0|0|0|0|0|0|0|0|0|0|0
heimkec|Cetera Financial Specialists|0|0|0|0|0|0|0|0|0|0|0|0|3|0|2|0|0|0|0|0|0|0|0|0|0|0|0|0|0|0|0|0|0|0|0|0|0|0|0|0|0|0|0|0|0|2|0|0|0|0|0|0|0|0|0|0|0|0|0|0|0|0|0|0|0|0
santoshn|Cetera Advisors|0|0|0|0|0|0|0|0|0|0|0|0|0|0|0|0|0|0|0|0|0|0|0|0|0|0|0|0|0|0|0|0|0|0|0|0|0|0|0|0|0|0|0|0|0|0|0|0|0|0|0|0|0|0|0|0|0|0|0|0|0|0|0|0|10|0
akumarpal|Cetera Advisor Networks|0|0|0|0|0|0|0|0|0|0|0|0|0|0|0|0|0|0|1|0|0|0|0|0|0|0|0|0|0|0|0|0|0|0|0|0|0|0|0|0|0|0|0|0|0|0|0|0|0|0|0|0|0|0|0|0|0|0|0|0|0|0|0|0|0|0
vermar|Cetera Advisor Networks|7|0|0|0|0|0|0|0|0|0|0|0|0|0|0|0|0|0|0|0|0|0|0|0|0|0|0|0|0|0|0|0|0|0|0|0|0|0|0|0|0|0|0|0|0|0|0|0|0|0|0|0|0|0|0|0|0|0|0|0|0|0|0|0|0|0
rajans|Cetera Advisors|0|0|0|0|0|0|5|0|2|0|0|0|0|0|0|0|0|0|0|0|0|0|0|0|0|0|0|0|0|0|0|0|0|0|0|0|0|0|0|0|0|0|0|0|0|0|0|0|0|0|0|0|0|0|0|0|0|0|0|0|0|6|0|0|0|0
vermar||0|0|1|0|0|0|0|0|0|0|0|0|0|0|0|0|0|0|0|0|0|0|0|0|0|0|0|0|0|0|0|0|0|0|0|0|0|0|0|0|0|0|0|0|0|0|0|0|0|0|0|0|0|0|0|0|0|0|0|0|0|0|0|0|0|0
morlann|Cetera Advisor Networks|0|0|0|0|0|0|0|0|0|0|0|0|0|0|0|1|0|0|0|0|0|0|0|1|0|0|0|2|0|0|0|0|0|0|0|0|0|0|0|0|0|0|0|0|0|0|0|0|0|0|0|0|0|0|0|0|0|0|0|0|0|0|0|0|0|0
nguyenm|Cetera Financial Specialists|0|0|0|0|0|0|0|0|0|0|0|0|0|0|0|1|1|1|0|0|0|0|0|0|0|0|0|0|0|0|0|0|0|0|0|0|0|0|0|0|0|0|0|0|0|0|0|0|0|0|0|0|0|0|0|0|0|0|0|0|0|0|0|0|0|0
akumarpal|Cetera Advisors|0|0|0|0|0|0|0|0|0|0|0|0|0|0|0|0|0|0|1|0|0|0|0|0|0|0|0|0|0|0|0|0|0|0|0|0|0|0|0|0|0|0|0|0|0|0|0|0|0|0|0|0|0|0|0|0|0|0|0|0|0|0|0|0|0|0
nguyenm|Cetera Advisor Networks|0|0|0|0|0|0|0|0|0|0|0|0|0|0|0|6|0|1|0|0|0|0|0|0|0|0|0|0|0|0|0|0|0|0|0|0|0|0|0|0|0|0|0|0|0|0|0|0|0|0|0|0|0|0|0|0|0|0|0|0|0|0|0|0|0|0
santoshn|Cetera Advisor Networks|0|0|0|0|0|0|0|0|0|0|0|0|0|0|0|0|0|0|0|0|0|0|0|0|0|0|0|0|0|0|0|0|0|0|0|0|0|0|0|0|0|0|0|0|0|0|0|0|0|0|0|0|0|0|0|0|0|0|0|0|0|0|0|0|3|0
vermar|Summit|38|0|0|0|0|0|0|0|0|0|0|0|0|0|0|0|0|0|0|0|0|0|0|0|0|0|0|0|0|0|0|0|0|0|0|0|0|0|0|0|0|0|0|0|0|0|0|0|0|0|0|0|0|0|0|0|0|0|0|0|0|0|0|0|0|0
mayerm|Cetera Financial Specialists|0|0|0|1|0|0|0|0|0|0|0|0|0|0|0|0|0|0|0|0|0|0|0|0|0|0|0|0|0|0|1|0|0|0|0|0|0|0|0|0|0|0|0|0|0|0|0|0|0|0|0|0|0|0|0|0|0|0|0|0|0|0|0|0|0|0
jprakash|Cetera Advisors|47|0|5|0|0|0|0|0|0|0|0|0|0|0|0|0|0|0|0|0|0|0|0|0|0|0|0|0|0|0|0|0|0|0|0|0|0|0|0|0|0|0|0|0|0|0|0|0|0|0|0|0|0|0|0|0|0|0|0|0|0|0|0|0|0|0
vermar|Cetera Advisors|2|0|0|0|0|0|0|0|0|0|0|0|0|0|0|0|0|0|0|0|0|0|0|0|0|0|0|0|0|0|0|0|0|0|0|0|0|0|0|0|0|0|0|0|0|0|0|0|0|0|0|0|0|0|0|0|0|0|0|0|0|0|0|0|0|0
tabishm|Cetera Advisors|45|0|3|0|0|0|0|0|0|0|0|0|0|0|0|0|0|0|0|0|0|0|0|0|0|0|0|0|0|0|0|0|0|0|0|0|0|0|0|0|0|0|0|0|0|0|0|0|0|0|0|0|0|0|0|0|0|0|0|0|0|0|0|0|0|0
atmars|Cetera Advisors|0|0|0|0|0|0|0|0|0|0|0|0|0|3|1|0|0|0|0|0|0|0|0|0|0|0|0|0|0|0|0|0|0|0|0|0|0|0|0|0|0|0|0|0|0|3|0|0|0|0|0|0|0|0|0|0|0|0|0|0|0|0|0|0|0|0
ankitg|Cetera Advisor Networks|23|0|1|0|0|0|0|0|0|1|1|1|0|0|0|0|0|0|0|0|0|0|0|0|0|0|0|0|0|0|0|0|0|0|0|0|0|0|0|0|0|0|0|0|0|0|0|0|0|0|0|0|0|0|0|0|0|0|0|0|0|0|0|0|0|0
heimkec|Cetera Advisor Networks|0|0|0|0|0|0|0|0|0|0|0|0|14|1|5|0|0|0|0|0|0|0|0|0|0|0|0|0|0|0|0|0|0|0|0|0|0|0|0|0|0|0|0|0|0|10|0|0|0|0|0|0|0|0|0|0|0|0|0|0|0|0|0|0|0|0
mayerm|Cetera Advisor Networks|0|0|0|17|0|7|0|0|0|0|0|0|0|0|0|0|0|0|0|0|0|0|0|0|0|0|0|0|0|0|8|0|0|0|0|0|0|0|0|0|0|0|0|0|0|0|0|0|0|0|0|0|0|0|0|5|0|0|0|0|0|0|0|0|0|0
nguyenm|Cetera Advisors|0|0|0|0|0|0|0|0|0|0|0|0|0|0|0|4|0|1|0|0|0|0|0|0|0|0|0|0|0|0|0|0|0|0|0|0|0|0|0|0|0|0|0|0|0|0|0|0|0|0|0|0|0|0|0|0|0|0|0|0|0|0|0|0|0|0
kloberdanzr|Cetera Advisors|0|0|0|0|0|0|0|0|0|0|0|0|0|0|1|0|0|0|0|0|0|0|0|0|0|0|0|0|0|0|0|0|0|0|0|0|0|0|0|0|0|0|0|0|0|0|0|0|0|0|0|0|0|0|0|0|0|0|0|0|0|0|0|0|0|0
ankitg|Cetera Financial Specialists|0|0|0|0|0|0|0|0|0|0|2|0|0|0|0|0|0|0|0|0|0|0|0|0|0|0|0|0|0|0|0|0|0|0|0|0|0|0|0|0|0|0|0|0|0|0|0|0|0|0|0|0|0|0|0|0|0|0|0|0|0|0|0|0|0|0
jprakash||0|0|2|0|0|0|0|0|0|0|0|0|0|0|0|0|0|0|0|0|0|0|0|0|0|0|0|0|0|0|0|0|0|0|0|0|0|0|0|0|0|0|0|0|0|0|0|0|0|0|0|0|0|0|0|0|0|0|0|0|0|0|0|0|0|0
tabishm|Cetera Financial Specialists|41|0|8|0|0|0|0|0|0|0|0|0|0|0|0|0|0|0|0|0|0|0|0|0|0|0|0|0|0|0|0|0|0|0|0|0|0|0|0|0|0|0|0|0|0|0|0|0|0|0|0|0|0|0|0|0|0|0|0|0|0|0|0|0|0|0
ankitg|Cetera Advisors|1|0|0|0|0|0|0|0|0|0|0|3|0|0|0|0|0|0|0|0|0|0|0|0|0|0|0|0|0|0|0|0|0|0|0|0|0|0|0|0|0|0|0|0|0|0|0|0|0|0|0|0|0|0|0|0|0|0|0|0|0|0|0|0|0|0
jprakash|Cetera Financial Specialists|1|0|0|0|0|0|0|0|0|0|0|0|0|0|0|0|0|0|0|0|0|0|0|0|0|0|0|0|0|0|0|0|0|0|0|0|0|0|0|0|0|0|0|0|0|0|0|0|0|0|0|0|0|0|0|0|0|0|0|0|0|0|0|0|0|0
morlann|Cetera Advisors|0|0|0|0|0|0|0|0|0|0|0|0|0|0|0|0|1|1|0|0|0|2|0|0|0|0|0|2|0|0|0|0|0|0|0|0|0|0|0|0|0|0|0|0|0|0|0|0|0|0|0|0|0|0|0|0|0|0|0|0|0|0|0|0|0|0
vermar|Cetera Financial Specialists|1|0|0|0|0|0|0|0|0|0|0|0|0|0|0|0|0|0|0|0|0|0|0|0|0|0|0|0|0|0|0|0|0|0|0|0|0|0|0|0|0|0|0|0|0|0|0|0|0|0|0|0|0|0|0|0|0|0|0|0|0|0|0|0|0|0
tabishm|Cetera Advisor Networks|2|0|2|0|0|0|0|0|0|0|0|0|0|0|0|0|0|0|0|0|0|0|0|0|0|0|0|0|0|0|0|0|0|0|0|0|0|0|0|0|0|0|0|0|0|0|0|0|0|0|0|0|0|0|0|0|0|0|0|0|0|0|0|0|0|0
heimkec|Cetera Advisors|0|0|0|0|0|0|0|0|0|0|0|0|21|6|6|0|0|0|0|0|0|0|0|0|0|0|0|0|0|0|0|0|0|0|0|0|0|0|0|0|0|0|0|0|0|13|0|0|0|0|0|0|0|0|0|0|0|0|0|0|0|0|0|0|0|0
rajans|Cetera Advisor Networks|0|0|0|0|0|0|6|1|0|0|0|0|0|0|0|0|0|0|0|0|0|0|0|0|0|0|0|0|0|0|0|0|0|0|0|0|0|0|0|0|0|0|0|0|1|0|0|0|0|0|0|0|0|0|0|0|0|0|0|0|0|9|0|0|0|0
zkotz|Cetera Advisors|0|0|0|0|0|0|0|0|0|0|0|0|0|0|0|1|0|0|0|0|0|0|0|0|0|0|0|0|0|0|0|0|0|0|0|0|0|0|0|0|0|0|0|0|0|0|0|0|0|0|0|0|0|0|0|0|0|0|0|0|0|0|0|0|0|0
tabishm||0|0|10|0|0|0|0|0|0|0|0|0|0|0|0|0|0|0|0|0|0|0|0|0|0|0|0|0|0|0|0|0|0|0|0|0|0|0|0|0|0|0|0|0|0|0|0|0|0|0|0|0|0|0|0|0|0|0|0|0|0|0|0|0|0|0

============================RPT_11.2_09_28_17======================
andersonclausenz|Cetera Advisor Networks|0|0|0|7|0|2|17|2|0|3|0|0|0|0|0|0|0|0|0|0|0|0|0|0|0
sharmap|Cetera Advisor Networks|20|4|8|0|0|0|0|0|0|0|0|0|0|0|0|0|0|0|0|0|0|0|0|0|0
andersonclausenz|Cetera Advisors|0|0|0|1|0|0|3|2|2|2|3|2|0|0|0|0|0|0|0|0|0|0|0|0|0
pjaswal|Cetera Advisors|2|5|1|0|0|0|0|0|0|0|0|0|0|0|0|0|0|0|0|0|0|0|0|0|0
runyonr|Cetera Advisors|0|0|0|0|0|0|1|1|2|0|0|2|0|0|0|0|0|0|0|0|0|0|0|0|0
sharmap|Cetera Financial Specialists|3|0|1|0|0|0|0|0|0|0|0|0|0|0|0|0|0|0|0|0|0|0|0|0|0
marchants|Cetera Advisor Networks|0|0|0|2|0|0|0|0|0|2|0|2|0|0|0|0|0|0|0|0|0|0|0|0|0
pjaswal|Cetera Financial Specialists|0|1|0|0|0|0|0|0|0|0|0|0|0|0|0|0|0|0|0|0|0|0|0|0|0
pjaswal|Cetera Advisor Networks|5|3|0|0|0|0|0|0|0|0|0|0|0|0|0|0|0|0|0|0|0|0|0|0|0
andersonclausenz|Cetera Financial Specialists|0|0|0|0|0|0|2|0|0|0|0|0|0|0|0|0|0|0|0|0|0|0|0|0|0
shankaranm|Cetera Advisors|1|2|0|0|0|0|0|0|0|0|0|0|0|0|0|0|0|0|0|0|0|0|0|0|0
marchants|Cetera Financial Specialists|0|0|0|0|0|0|0|0|0|0|1|0|0|0|0|0|0|0|0|0|0|0|0|0|0
marchants|Cetera Advisors|0|0|0|0|0|1|0|0|0|2|0|0|0|0|0|0|0|0|0|0|0|0|0|0|0
runyonr|Cetera Advisor Networks|0|0|0|1|0|1|3|1|3|0|4|0|0|0|0|0|0|0|0|0|0|0|0|0|0
shankaranm|Cetera Advisor Networks|3|1|0|0|0|0|0|0|0|0|0|0|0|0|0|0|0|0|0|0|0|0|0|0|0
sharmap|Cetera Advisors|13|2|5|0|0|0|0|0|0|0|0|0|0|0|0|0|0|0|0|0|0|0|0|0|0
runyonr|Cetera Financial Specialists|0|0|0|0|0|0|0|0|0|1|0|0|0|0|0|0|0|0|0|0|0|0|0|0|0


===============================RPT_11.3_09_28_17=============

ommenk|Cetera Advisors|0|0|0|0|0|0|0|0|0|0|0|0|0|0|0|2|1|0|0|0|0|0|6|0|0|0|0|0|0|0|0|0|0|0|0|0|0|0|0|0|2|0|0|0|0|0|0|0|0|0
brummettb|Cetera Advisors|1|0|0|0|0|0|0|0|0|2|0|0|0|0|0|0|0|0|0|0|0|0|0|0|0|0|0|0|0|0|1|0|0|0|0|0|0|0|0|0|0|0|0|0|0|0|0|0|0|0
kloberdanzr|Cetera Advisor Networks|0|0|0|0|0|0|0|0|0|3|1|0|0|0|0|0|0|0|0|0|0|0|0|0|0|0|0|0|0|0|0|0|0|0|0|0|2|0|0|0|0|0|0|0|0|0|0|0|0|0
ssaxena|Cetera Advisor Networks|17|11|1|0|0|0|0|0|0|0|0|0|0|0|0|0|0|0|0|0|0|0|0|0|0|0|0|0|0|0|17|0|0|0|0|0|0|0|0|0|0|0|0|0|0|0|0|0|0|0
laraiaa|Cetera Advisors|0|0|0|0|0|0|0|0|0|14|0|0|0|0|0|0|0|0|0|0|0|0|0|0|0|0|0|0|0|0|0|0|0|0|0|0|8|0|0|0|0|0|0|0|0|0|0|0|0|0
ranjans|Cetera Financial Specialists|0|2|0|0|0|0|0|0|0|0|0|0|1|0|0|0|0|0|0|0|0|0|0|0|0|0|0|0|0|0|0|0|0|0|0|0|0|0|0|0|0|0|0|0|0|0|0|0|0|0
ranjans|Cetera Advisor Networks|6|0|0|0|0|0|0|0|0|0|0|0|13|0|0|0|0|0|0|0|0|0|0|0|0|0|0|0|0|0|6|0|0|0|0|0|0|0|0|0|0|0|0|0|0|0|0|0|0|0
vongsav|Cetera Advisors|0|0|0|0|0|0|2|1|0|0|0|0|0|0|0|0|0|0|0|0|0|0|0|0|1|0|0|0|0|0|0|0|0|0|1|0|0|0|0|0|0|0|0|0|0|0|1|0|0|0
ranjans|Cetera Advisors|1|0|0|0|0|0|0|0|0|0|0|0|4|0|0|0|0|0|0|0|0|0|0|0|0|0|0|0|0|0|1|0|0|0|0|0|0|0|0|0|0|0|0|0|0|0|0|0|0|0
heimkec|Cetera Financial Specialists|0|0|0|0|0|0|0|0|0|2|0|0|0|0|0|0|0|0|0|1|0|0|0|0|0|0|0|0|0|0|0|0|0|0|0|0|2|0|0|0|0|0|0|0|0|0|0|0|0|0
peetp|Cetera Advisors|0|0|0|0|0|0|0|0|0|12|12|0|0|0|0|0|0|0|0|0|0|0|0|0|0|0|0|0|0|0|0|0|0|0|0|0|7|0|0|0|0|0|0|0|0|0|0|0|0|0
scapecchij|Cetera Advisor Networks|0|0|0|0|0|0|0|0|0|13|2|0|0|0|0|0|0|0|0|0|0|0|0|0|0|0|0|0|0|0|0|0|0|0|0|0|8|0|0|0|0|0|0|0|0|0|0|0|0|0
ommenk|Cetera Advisor Networks|0|0|0|0|0|0|0|0|0|0|0|0|0|0|0|1|2|0|0|0|0|5|3|0|0|0|0|0|0|0|0|0|0|0|0|0|0|0|0|0|1|0|0|0|5|0|0|0|0|0
feldhackerk|Cetera Advisor Networks|1|0|0|0|0|0|0|0|0|31|2|0|0|0|0|0|0|0|1|0|0|0|0|0|0|0|0|0|0|0|2|0|0|0|0|0|4|0|0|0|0|0|1|0|0|0|0|0|0|0
kumarv|Cetera Advisor Networks|0|0|0|0|0|0|0|0|0|0|0|0|0|0|0|0|0|0|0|0|0|0|0|0|0|0|0|24|0|0|0|0|0|0|0|0|0|0|0|0|0|0|0|0|0|0|0|0|0|0
peetp|Cetera Financial Specialists|0|0|0|0|0|0|0|0|0|2|0|0|0|0|0|0|0|0|0|0|0|0|0|0|0|0|0|0|0|0|0|0|0|0|0|0|2|0|0|0|0|0|0|0|0|0|0|0|0|0
scapecchij|Cetera Advisors|0|0|0|0|0|0|0|0|0|9|2|0|0|0|0|0|0|0|0|0|0|0|0|0|0|0|0|0|0|0|0|0|0|0|0|0|6|0|0|0|0|0|0|0|0|0|0|0|0|0
sikkaa|Cetera Advisor Networks|9|7|0|2|2|0|0|0|0|0|0|0|0|0|0|0|0|0|0|0|0|0|0|0|0|0|0|0|0|0|7|0|2|0|0|0|0|0|0|0|0|0|0|0|0|0|0|0|0|0
peetp|Cetera Advisor Networks|0|0|0|0|0|0|0|0|0|18|16|0|0|0|0|0|0|0|0|0|0|0|0|0|0|0|0|0|0|0|0|0|0|0|0|0|6|0|0|0|0|0|0|0|0|0|0|0|0|0
sikkaa|Cetera Financial Specialists|2|2|0|0|0|0|0|0|0|0|0|0|0|0|0|0|0|0|0|0|0|0|0|0|0|0|0|0|0|0|2|0|0|0|0|0|0|0|0|0|0|0|0|0|0|0|0|0|0|0
brummettb|Cetera Advisor Networks|1|0|0|0|0|0|0|0|0|2|0|0|0|0|0|0|0|0|0|0|0|0|0|0|0|0|0|0|0|0|1|0|0|0|0|0|0|0|0|0|0|0|0|0|0|0|0|0|0|0
scapecchij|Cetera Financial Specialists|0|0|0|0|0|0|0|0|0|5|0|0|0|0|0|0|0|0|0|0|0|0|0|0|0|0|0|0|0|0|0|0|0|0|0|0|5|0|0|0|0|0|0|0|0|0|0|0|0|0
laraiaa|Cetera Financial Specialists|0|0|0|0|0|0|0|0|0|4|0|1|0|0|0|0|0|0|0|0|0|0|0|0|0|0|0|0|0|0|0|0|0|0|0|0|4|0|0|0|0|0|0|0|0|0|0|0|0|0
vongsav|Cetera Advisor Networks|0|0|0|0|0|0|3|0|0|0|0|0|0|0|0|0|0|0|0|0|0|0|0|0|1|0|0|0|0|0|0|0|0|0|0|0|0|0|0|0|0|0|0|0|0|0|1|0|0|0
ssaxena|Cetera Advisors|10|11|0|0|0|0|0|0|0|0|0|0|0|0|0|0|0|0|0|0|0|0|0|0|0|0|0|0|0|0|11|0|0|0|0|0|0|0|0|0|0|0|0|0|0|0|0|0|0|0
kloberdanzr|Cetera Advisors|0|0|0|0|0|0|0|0|0|1|2|0|0|0|0|0|0|0|0|0|0|0|0|0|0|0|0|0|0|0|0|0|0|0|0|0|1|0|0|0|0|0|0|0|0|0|0|0|0|0
sikkaa|Cetera Advisors|8|4|0|12|1|0|0|0|0|0|0|0|0|0|0|0|0|0|0|0|0|0|0|0|0|0|0|0|0|0|5|0|12|0|0|0|0|0|0|0|0|0|0|0|0|0|0|0|0|0
heimkec|Cetera Advisor Networks|0|0|0|0|0|0|0|0|0|8|1|0|0|0|0|0|0|0|4|3|0|0|0|0|0|0|0|0|0|0|0|0|0|0|0|0|2|0|0|0|0|0|0|0|0|0|0|0|0|0
feldhackerk|Cetera Advisors|1|0|0|0|0|0|0|0|0|22|5|1|0|0|0|0|0|0|0|4|0|0|0|0|0|0|0|0|0|0|2|0|0|0|0|0|7|0|0|0|0|0|0|0|0|0|0|0|0|0
laraiaa|Cetera Advisor Networks|0|0|0|0|0|0|0|0|0|18|1|0|0|0|0|0|0|0|0|0|0|0|0|0|0|0|0|0|0|0|0|0|0|0|0|0|10|0|0|0|0|0|0|0|0|0|0|0|0|0
ommenk|Cetera Financial Specialists|0|0|0|0|0|0|0|0|0|0|0|0|0|0|0|1|0|0|0|0|0|0|0|0|0|0|0|0|0|0|0|0|0|0|0|0|0|0|0|0|1|0|0|0|0|0|0|0|0|0
stockstromm|Cetera Advisor Networks|0|0|0|0|0|0|0|0|0|0|0|0|0|0|0|0|0|0|2|0|0|0|0|0|0|0|0|0|0|0|0|0|0|0|0|0|0|0|0|0|0|0|0|0|0|0|0|0|0|0
ssaxena|Cetera Financial Specialists|1|2|0|0|0|0|0|0|0|0|0|0|0|0|0|0|0|0|0|0|0|0|0|0|0|0|0|0|0|0|1|0|0|0|0|0|0|0|0|0|0|0|0|0|0|0|0|0|0|0
heimkec|Cetera Advisors|0|0|0|0|0|0|0|0|0|7|2|0|0|0|0|0|0|0|1|2|0|0|0|0|0|0|0|0|0|0|0|0|0|0|0|0|6|0|0|0|0|0|0|0|0|0|0|0|0|0
ssaxena||0|1|0|0|0|0|0|0|0|0|0|0|0|0|0|0|0|0|0|0|0|0|0|0|0|0|0|0|0|0|0|0|0|0|0|0|0|0|0|0|0|0|0|0|0|0|0|0|0|0
feldhackerk|Cetera Financial Specialists|0|0|0|0|0|0|0|0|0|2|0|0|0|0|0|0|0|0|0|0|0|0|0|0|0|0|0|0|0|0|0|0|0|0|0|0|2|0|0|0|0|0|0|0|0|0|0|0|0|0


=======================RPT_11.4.1_09_28_17===============

cdouglas|Core Advisory|0|0|0|0|11|0|0|11|0|0|0|0|0|0|0|0|0|0|0|0
colemane|CAN Advisory|0|0|0|0|0|0|0|0|1|0|0|1|0|0|0|0|0|0|0|0
comitok|CA Advisory|0|0|0|0|0|0|0|0|1|0|0|1|0|0|0|0|0|0|0|0
comitok|CAN Advisory|0|0|0|0|0|0|0|0|4|0|0|4|0|0|0|0|0|0|0|0
comitok|CFS Advisory|0|0|0|0|0|0|0|0|0|0|0|0|0|0|0|0|1|0|0|1
comitok|Core Advisory|0|0|0|0|0|0|0|0|3|0|3|6|0|0|0|0|0|0|0|0
coregan|CAN Advisory|3|0|0|3|0|0|0|0|0|0|0|0|0|0|0|0|0|0|0|0
enosa|Core Advisory|0|0|0|0|9|0|3|12|0|0|0|0|0|0|0|0|0|0|0|0
esquivelj|Core Advisory|0|0|0|0|0|0|0|0|0|0|0|0|2|0|0|2|0|0|0|0
esquivelj|Summit|0|0|0|0|0|0|0|0|0|0|0|0|6|0|0|6|0|0|0|0
goela|CAN Advisory|0|0|0|0|2|0|0|2|0|0|0|0|0|0|0|0|0|0|0|0
gruganc|Summit|0|0|0|0|19|0|1|20|0|0|0|0|0|0|0|0|0|0|0|0
gruganc||0|0|0|0|1|0|1|2|0|0|0|0|0|0|0|0|0|0|0|0
halversonc|Core Advisory|0|0|0|0|9|0|0|9|0|0|0|0|0|0|0|0|0|0|0|0
klepingerk|CAN Advisory|15|0|0|15|0|0|0|0|14|0|0|14|0|0|0|0|0|0|0|0
kloberdanzr|Summit|0|0|0|0|0|0|0|0|0|0|0|0|0|0|0|0|15|0|1|16
linj|CA Advisory|1|0|0|1|0|0|0|0|0|0|0|0|0|0|0|0|0|0|0|0
linj|CAN Advisory|5|0|0|5|0|0|0|0|0|0|0|0|0|0|0|0|0|0|0|0
linj|CFS Advisory|1|0|0|1|0|0|0|0|0|0|0|0|0|0|0|0|0|0|0|0
linj|Core Advisory|8|0|0|8|0|0|0|0|0|0|0|0|0|0|0|0|0|0|0|0
mcdonalda|CAN Advisory|0|0|0|0|0|0|0|0|0|0|0|0|3|1|1|5|0|0|0|0
mcdonalda|Core Advisory|0|0|0|0|0|0|0|0|0|0|0|0|8|0|3|11|0|0|0|0
mcdonalda|Summit|0|0|0|0|0|0|0|0|0|0|0|0|3|3|4|10|0|0|0|0
mottk|Summit|79|0|0|79|0|0|0|0|1|1|0|2|0|0|0|0|0|0|0|0
mottk||1|0|7|8|0|0|0|0|0|0|0|0|0|0|0|0|0|0|0|0
nguyenm|Summit|0|0|0|0|0|0|0|0|4|1|0|5|0|0|0|0|0|0|0|0
ommenk|Summit|0|0|0|0|0|0|0|0|0|0|0|0|0|0|0|0|1|0|16|17
ruizs|CAN Advisory|15|5|0|20|0|0|0|0|18|0|0|18|0|0|0|0|0|0|0|0
runyonr|Core Advisory|0|0|0|0|0|0|0|0|0|0|0|0|2|2|0|4|0|0|0|0
scapecchij|Summit|0|0|0|0|0|0|0|0|0|0|0|0|0|0|0|0|25|5|1|31
scapecchij||0|0|0|0|0|0|0|0|0|0|0|0|0|0|0|0|1|0|0|1
signhr|CA Advisory|0|0|0|0|1|0|0|1|0|0|0|0|0|0|0|0|0|0|0|0
signhr|CAN Advisory|0|0|0|0|2|0|0|2|0|0|0|0|0|0|0|0|0|0|0|0
sithonnoratha1|Core Advisory|0|0|0|0|0|0|0|0|0|0|0|0|6|1|4|11|0|0|0|0
sithonnoratha1|Summit|0|0|0|0|0|0|0|0|0|0|0|0|6|5|8|19|0|0|0|0
yeohf|Core Advisory|0|0|0|0|8|0|0|8|0|0|0|0|0|0|0|0|0|0|0|0
zkotz|CA Advisory|0|0|0|0|0|0|0|0|0|0|0|0|0|0|0|0|2|4|3|9
zkotz|CAN Advisory|0|0|0|0|0|0|0|0|0|0|0|0|0|0|0|0|7|2|6|15
zkotz|CFS Advisory|0|0|0|0|0|0|0|0|0|0|0|0|0|0|0|0|4|1|1|6
zkotz|Core Advisory|0|0|0|0|0|0|0|0|0|0|0|0|0|0|0|0|19|3|0|22


================RPT_11.4_NEW_09_28_17=================

linj|MVP|0|1|0|0|0|0|1|0|0|0|0|0|0|0|0|0|0|0|0|0|0|0|0|0|0|0|0|0|0|0|0|0|0|0|0|0|0|0|0|0|0|0|0|0|0|0|0|0|0|0|0|0|0|0|0|0|0|0|0|0|0|0
linj|Cetera Advisors|0|0|0|0|0|0|1|0|0|0|0|0|0|0|0|0|0|0|0|0|0|0|0|0|0|0|0|0|0|0|0|0|0|0|0|0|0|0|0|0|0|0|0|0|0|0|0|0|0|0|0|0|0|0|0|0|0|0|0|0|0|0
linj|Cetera Advisor Networks|0|0|0|0|0|0|12|0|0|0|0|0|0|0|0|0|0|0|0|0|0|0|0|0|0|0|0|0|0|0|0|0|0|0|0|0|0|0|0|0|0|0|0|0|0|0|0|0|0|0|0|0|0|0|0|0|0|0|0|0|0|0
linj|Cetera Financial Specialists|0|0|0|0|0|0|1|0|0|0|0|0|0|0|0|0|0|0|0|0|0|0|0|0|0|0|0|0|0|0|0|0|0|0|0|0|0|0|0|0|0|0|0|0|0|0|0|0|0|0|0|0|0|0|0|0|0|0|0|0|0|0
enosa|Cetera Advisors|0|0|0|0|0|0|0|0|0|0|0|0|0|0|0|0|0|0|0|0|0|0|0|0|0|0|0|0|0|0|0|0|0|0|0|0|4|0|0|0|0|0|0|0|0|0|0|0|0|0|0|0|0|0|0|0|0|0|0|0|0|0
enosa|Cetera Advisor Networks|0|0|0|0|0|0|0|0|0|0|0|0|0|0|0|0|0|0|0|0|0|0|0|0|0|0|0|0|0|0|0|0|0|0|0|0|2|0|2|0|0|0|0|0|0|0|0|0|0|0|0|0|0|0|0|0|0|0|0|0|0|0
enosa|Cetera Financial Specialists|0|0|0|0|0|0|0|0|0|0|0|0|0|0|0|0|0|0|0|0|0|0|0|0|0|0|0|0|0|0|0|0|0|0|0|0|3|0|1|0|0|0|0|0|0|0|0|0|0|0|0|0|0|0|0|0|0|0|0|0|0|0
goela|MVP|0|0|0|0|0|0|0|0|0|0|0|0|3|0|2|0|0|0|0|0|0|0|0|0|0|0|0|0|0|0|0|0|0|0|0|0|0|0|0|0|0|0|0|0|0|0|0|0|0|0|0|0|0|0|0|0|0|0|0|0|0|0
goela|Cetera Advisor Networks|0|0|0|0|0|0|0|0|0|0|0|0|0|0|0|0|0|0|0|0|0|0|0|0|0|0|0|0|0|0|0|0|0|0|0|0|2|0|0|0|0|0|0|0|0|0|0|0|0|0|0|0|0|0|0|0|0|0|0|0|0|0
jainp|MVP|0|0|0|0|0|0|0|0|0|0|0|0|1|0|0|0|0|0|0|0|0|0|0|0|0|0|0|0|0|0|0|0|0|0|0|0|0|0|0|0|0|0|0|0|0|0|0|0|0|0|0|0|0|0|0|0|0|0|0|0|0|0
jainu|MVP|0|0|0|0|0|0|0|0|0|0|0|0|4|0|1|0|0|0|0|0|0|0|0|0|0|0|0|0|0|0|0|0|0|0|0|0|0|0|0|0|0|0|0|0|0|0|0|0|0|0|0|0|0|0|0|0|0|0|0|0|0|0
mottk||0|0|0|0|0|0|0|0|7|0|0|0|0|0|0|0|0|0|0|0|0|0|0|0|0|0|0|0|0|0|0|0|0|0|0|0|0|0|0|0|0|0|0|0|0|0|0|0|0|0|0|0|0|0|0|0|0|0|0|0|0|0
mottk|Summit|0|0|0|0|0|0|79|0|1|0|0|0|0|0|0|0|0|0|0|0|0|0|0|0|0|0|0|0|0|0|0|0|0|0|0|0|0|0|0|1|1|0|0|0|0|0|0|0|0|0|0|0|0|0|0|0|0|0|0|0|0|0
mottk|Cetera Advisors|0|0|0|0|0|0|1|0|0|0|0|0|0|0|0|0|0|0|0|0|0|0|0|0|0|0|0|0|0|0|0|0|0|0|0|0|0|0|0|0|0|0|0|0|0|0|0|0|0|0|0|0|0|0|0|0|0|0|0|0|0|0
ruizs||0|0|0|0|0|0|0|0|1|0|0|0|0|0|0|0|0|0|0|0|0|0|0|0|0|0|0|0|0|0|0|0|0|0|0|0|0|0|0|0|0|0|0|0|0|0|0|0|0|0|0|0|0|0|0|0|0|0|0|0|0|0
ruizs|MVP|0|0|0|0|0|0|2|0|0|0|0|0|0|0|0|0|0|0|0|0|0|0|0|0|0|0|0|0|0|0|0|0|0|0|0|0|0|0|0|2|0|0|0|0|0|0|0|0|0|0|0|0|0|0|0|0|0|0|0|0|2|0
ruizs|Cetera Advisors|0|0|0|0|0|0|7|2|0|0|0|0|0|0|0|0|0|0|0|0|0|0|0|0|0|0|0|0|0|0|0|0|0|0|0|0|0|0|0|8|0|0|0|0|0|0|0|0|0|0|0|0|0|0|0|0|0|0|0|0|8|0
ruizs|Cetera Advisor Networks|0|0|0|0|0|0|2|2|0|0|0|0|0|0|0|0|0|0|0|0|0|0|0|0|0|0|0|0|0|0|0|0|0|0|0|0|0|0|0|4|0|0|0|0|0|0|0|0|0|0|0|0|0|0|0|0|0|0|0|0|2|0
ruizs|Cetera Financial Specialists|0|0|0|0|0|0|4|0|0|0|0|0|0|0|0|0|0|0|0|0|0|0|0|0|0|0|0|0|0|0|0|0|0|0|0|0|0|0|0|4|0|0|0|0|0|0|0|0|0|0|0|0|0|0|0|0|0|0|0|0|3|0
yeohf|Cetera Advisors|0|0|0|0|0|0|0|0|0|0|0|0|0|0|0|0|0|0|0|0|0|0|0|0|0|0|0|0|0|0|0|0|0|0|0|0|2|0|0|0|0|0|0|0|0|0|0|0|0|0|0|0|0|0|0|0|0|0|0|0|0|0
yeohf|Cetera Advisor Networks|0|0|0|0|0|0|0|0|0|0|0|0|0|0|0|0|0|0|0|0|0|0|0|0|0|0|0|0|0|0|0|0|0|0|0|0|6|0|0|0|0|0|0|0|0|0|0|0|0|0|0|0|0|0|0|0|0|0|0|0|0|0
zkotz|MVP|0|0|0|0|0|0|0|0|0|0|0|0|0|0|0|0|0|0|0|0|0|0|0|0|0|0|0|0|0|0|0|0|0|0|0|0|0|0|0|0|0|0|0|0|0|0|1|2|0|0|0|0|0|0|0|0|0|0|0|0|0|0
zkotz|Cetera Advisors|0|0|0|0|0|0|0|0|0|0|0|0|0|0|0|0|0|0|0|0|0|0|0|0|0|0|0|0|0|0|0|0|0|0|0|0|0|0|0|0|0|0|0|0|0|9|4|2|0|0|0|0|0|0|0|0|0|0|0|0|0|0
zkotz|Cetera Advisor Networks|0|0|0|0|0|0|0|0|0|0|0|0|0|0|0|0|0|0|0|0|0|0|0|0|0|0|0|0|0|0|0|0|0|0|0|0|0|0|0|0|0|0|0|0|0|17|4|5|0|0|0|0|0|0|0|0|0|0|0|0|0|0
zkotz|Cetera Financial Specialists|0|0|0|0|0|0|0|0|0|0|0|0|0|0|0|0|0|0|0|0|0|0|0|0|0|0|0|0|0|0|0|0|0|0|0|0|0|0|0|0|0|0|0|0|0|6|1|1|0|0|0|0|0|0|0|0|0|0|0|0|0|1
ankitg|MVP|0|0|0|0|0|0|0|0|0|0|0|0|0|0|0|6|0|0|0|0|0|0|0|0|0|0|0|0|0|0|0|0|0|0|0|0|0|0|0|0|0|0|0|0|0|0|0|0|0|0|0|0|0|0|0|0|0|0|0|0|6|0
craunb|MVP|0|0|0|0|0|0|0|0|0|0|0|0|0|0|0|0|0|0|0|0|0|0|0|0|0|0|0|0|0|0|0|0|0|0|0|0|0|0|0|0|0|0|0|0|0|0|0|0|0|0|0|0|0|0|0|0|0|0|0|0|2|0
craunb|Cetera Advisors|0|0|0|0|0|0|0|0|0|0|0|0|0|0|0|0|0|0|0|0|0|0|0|0|0|0|0|0|0|0|0|0|0|0|0|0|0|0|0|0|0|0|0|0|0|0|0|0|0|0|0|0|0|0|0|0|0|1|0|0|3|0
jonesr|MVP|58|1|0|0|0|0|0|0|0|0|0|0|0|0|0|0|0|0|0|0|0|0|0|0|0|0|0|0|0|0|0|0|0|0|0|0|0|0|0|0|0|0|0|0|0|0|0|0|0|0|0|0|0|0|0|0|0|0|0|0|0|0
ommenk|Summit|0|0|0|0|0|0|0|0|0|0|0|0|0|0|0|0|0|0|0|0|0|0|0|0|0|0|0|0|0|0|0|0|0|0|0|0|0|0|0|0|0|0|0|0|0|1|0|16|0|0|0|0|0|0|0|0|0|0|0|0|1|0
pdubey|MVP|0|0|0|0|0|0|0|0|0|0|0|0|8|0|1|0|0|0|0|0|0|0|0|0|0|0|0|0|0|0|0|0|0|0|0|0|0|0|0|0|0|0|0|0|0|0|0|0|0|0|0|0|0|0|0|0|0|0|0|0|0|0
signhr|MVP|0|0|0|0|0|0|0|0|0|0|0|0|2|0|2|0|0|0|0|0|0|0|0|0|0|0|0|0|0|0|0|0|0|0|0|0|0|0|0|0|0|0|0|0|0|0|0|0|0|0|0|0|0|0|0|0|0|0|0|0|0|0
signhr|Cetera Advisors|0|0|0|0|0|0|0|0|0|0|0|0|0|0|0|0|0|0|0|0|0|0|0|0|0|0|0|0|0|0|0|0|0|0|0|0|1|0|0|0|0|0|0|0|0|0|0|0|0|0|0|0|0|0|0|0|0|0|0|0|0|0
signhr|Cetera Advisor Networks|0|0|0|0|0|0|0|0|0|0|0|0|0|0|0|0|0|0|0|0|0|0|0|0|0|0|0|0|0|0|0|0|0|0|0|0|2|0|0|0|0|0|0|0|0|0|0|0|0|0|0|0|0|0|0|0|0|0|0|0|0|0
comitok|MVP|0|0|0|0|0|0|0|0|0|0|0|0|0|0|0|0|0|0|0|0|0|0|0|0|0|0|0|0|0|0|0|0|0|0|0|0|0|0|0|1|0|0|0|0|0|0|0|0|0|0|0|0|0|0|0|0|0|0|0|0|1|0
comitok|Cetera Advisors|0|0|0|0|0|0|0|0|0|0|0|0|0|0|0|0|0|0|0|0|0|0|0|0|0|0|0|0|0|0|0|0|0|0|0|0|0|0|0|2|0|0|0|0|0|0|0|0|0|0|0|0|0|0|0|0|0|0|0|0|5|0
comitok|Cetera Advisor Networks|0|0|0|0|0|0|0|0|0|0|0|0|0|0|0|0|0|0|0|0|0|0|0|0|0|0|0|0|0|0|0|0|0|0|0|0|0|0|0|5|0|2|0|0|0|0|0|0|0|0|0|0|0|0|0|0|0|0|0|0|10|0
comitok|Cetera Financial Specialists|0|0|0|0|0|0|0|0|0|0|0|0|0|0|0|0|0|0|0|0|0|0|0|0|0|0|0|0|0|0|0|0|0|0|0|0|0|0|0|0|0|1|0|0|0|1|0|0|0|0|0|0|0|0|0|0|0|0|0|0|2|0
coregan|MVP|35|0|0|0|0|0|0|0|0|0|0|0|8|0|0|0|0|0|0|0|0|1|0|0|0|0|0|0|0|0|0|0|0|0|0|0|0|0|0|0|0|0|0|0|0|0|0|0|0|0|0|0|0|0|0|0|0|0|0|0|2|0
coregan|Cetera Advisors|1|0|0|0|0|0|0|0|0|0|0|0|0|0|0|0|0|0|0|0|0|0|0|0|0|0|0|0|0|0|0|0|0|0|0|0|0|0|0|0|0|0|0|0|0|0|0|0|0|0|0|0|0|0|0|0|0|0|0|0|0|0
coregan|Cetera Advisor Networks|1|0|0|0|0|0|3|0|0|0|0|0|0|0|0|0|0|0|0|0|0|0|0|0|0|0|0|0|0|0|0|0|0|0|0|0|0|0|0|0|0|0|0|0|0|0|0|0|0|0|0|0|0|0|0|0|0|0|0|0|0|0
gruganc|Summit|0|0|0|0|0|0|0|0|0|0|0|0|0|0|0|0|0|0|0|0|0|0|0|0|0|0|0|0|0|0|0|0|0|0|0|0|19|1|2|0|0|0|0|0|0|0|0|0|0|0|0|0|0|0|0|0|0|0|0|0|0|0
gruganc|Cetera Advisor Networks|0|0|0|0|0|0|0|0|0|0|0|0|0|0|0|0|0|0|0|0|0|0|0|0|0|0|0|0|0|0|0|0|0|0|0|0|1|0|0|0|0|0|0|0|0|0|0|0|0|0|0|0|0|0|0|0|0|0|0|0|0|0
heimkec|MVP|0|0|0|0|0|0|0|0|0|0|0|0|0|0|0|3|1|1|0|0|0|0|0|0|0|0|0|0|0|0|0|0|0|0|0|0|0|0|0|0|0|0|0|0|0|0|0|0|0|0|0|0|0|0|0|0|0|0|0|0|3|0
leavenj|MVP|1|0|0|0|0|0|0|0|0|0|0|0|0|0|0|0|0|0|1|0|0|1|0|0|0|0|0|0|0|0|0|0|0|0|0|0|0|0|0|0|0|0|0|0|0|0|0|0|0|0|0|0|0|0|0|0|0|0|0|0|0|0
nguyenm|MVP|0|0|0|0|0|0|0|0|0|0|0|0|0|0|0|4|1|1|0|0|0|0|0|0|0|0|0|0|0|0|0|0|0|0|0|0|0|0|0|0|0|0|0|0|0|0|0|0|0|0|0|0|0|0|0|0|0|0|0|0|0|0
nguyenm|Summit|0|0|0|0|0|0|0|0|0|0|0|0|0|0|0|0|0|0|0|0|0|0|0|0|0|0|0|0|0|0|0|0|0|0|0|0|0|0|0|4|1|0|0|0|0|0|0|0|0|0|0|0|0|0|0|0|0|0|0|0|0|0
runyonr|Cetera Advisors|0|0|0|0|0|0|0|0|0|0|0|0|0|0|0|0|0|0|0|0|0|0|0|0|0|0|0|0|0|0|0|0|0|0|0|0|0|0|0|0|0|0|1|2|0|0|0|0|0|0|0|0|0|0|0|0|0|0|0|0|0|0
runyonr|Cetera Financial Specialists|0|0|0|0|0|0|0|0|0|0|0|0|0|0|0|0|0|0|0|0|0|0|0|0|0|0|0|0|0|0|0|0|0|0|0|0|0|0|0|0|0|0|1|0|0|0|0|0|0|0|0|0|0|0|0|0|0|0|0|0|0|0
sharmam|MVP|0|0|0|0|0|0|0|0|0|0|0|0|7|0|1|0|0|0|0|0|0|0|0|0|0|0|0|0|0|0|0|0|0|0|0|0|0|0|0|0|0|0|0|0|0|0|0|0|0|0|0|0|0|0|0|0|0|0|0|0|0|0
sharmam|Cetera Advisors|0|0|0|0|0|0|0|0|0|0|0|0|0|0|0|0|0|0|0|0|0|0|0|0|0|0|0|0|0|0|0|0|0|0|0|0|0|0|0|0|0|0|0|0|0|0|0|0|3|0|0|0|0|0|0|0|0|0|0|0|0|0
stilesj|Cetera Advisors|0|0|0|0|0|0|0|0|0|0|0|0|0|0|0|0|0|0|0|0|0|0|0|0|0|0|0|0|0|0|0|0|0|0|0|0|0|0|0|0|0|0|0|0|0|0|0|0|3|0|2|0|0|0|0|0|2|0|0|0|4|0
stilesj|Cetera Advisor Networks|0|0|0|0|0|0|0|0|0|0|0|0|0|0|0|0|0|0|0|0|0|0|0|0|18|0|0|0|0|0|0|0|0|0|0|0|0|0|0|0|0|0|0|0|0|0|0|0|0|0|0|0|0|0|0|0|0|0|0|0|1|0
cdouglas|Cetera Advisors|0|0|0|0|0|0|0|0|0|0|0|0|0|0|0|0|0|0|0|0|0|0|0|0|0|0|0|0|0|0|0|0|0|0|0|0|3|0|0|0|0|0|0|0|0|0|0|0|0|0|0|0|0|0|0|0|0|0|0|0|0|0
cdouglas|Cetera Advisor Networks|0|0|0|0|0|0|0|0|0|0|0|0|0|0|0|0|0|0|0|0|0|0|0|0|0|0|0|0|0|0|0|0|0|0|0|0|7|0|0|0|0|0|0|0|0|0|0|0|0|0|0|0|0|0|0|0|0|0|0|0|0|0
cdouglas|Cetera Financial Specialists|0|0|0|0|0|0|0|0|0|0|0|0|0|0|0|0|0|0|0|0|0|0|0|0|0|0|0|0|0|0|0|0|0|0|0|0|1|0|0|0|0|0|0|0|0|0|0|0|0|0|0|0|0|0|0|0|0|0|0|0|0|0
colemane|Cetera Advisor Networks|0|0|0|0|0|0|0|0|0|0|0|0|0|0|0|0|0|0|0|0|0|0|0|0|0|0|0|0|0|0|0|0|0|0|0|0|0|0|0|1|0|0|0|0|0|0|0|0|0|0|0|0|0|0|0|0|0|0|0|0|0|0
jprakash|MVP|0|0|0|0|0|0|0|0|0|0|0|0|0|0|0|2|0|0|0|0|0|0|0|0|0|0|0|0|0|0|0|0|0|0|0|0|0|0|0|0|0|0|0|0|0|0|0|0|0|0|0|0|0|0|0|0|0|0|0|0|2|0
ksanjeev|MVP|0|0|0|0|0|0|0|0|0|0|0|0|0|0|0|15|0|0|0|0|0|0|0|0|0|0|0|0|0|0|0|0|0|0|0|0|0|0|0|0|0|0|0|0|0|0|0|0|0|0|0|0|0|0|0|0|0|0|0|0|15|0
mcnellyt|Cetera Advisors|0|0|0|0|0|0|0|0|0|16|1|1|0|0|0|0|0|0|0|0|0|0|0|0|0|0|0|0|0|0|0|0|0|0|0|0|0|0|0|0|0|0|0|0|0|0|0|0|0|0|0|1|0|0|3|0|1|1|0|1|13|0
mcnellyt|Cetera Advisor Networks|0|0|0|13|3|0|0|0|0|0|0|0|0|0|0|0|0|0|0|0|0|0|0|0|0|0|0|0|0|3|18|0|0|2|0|0|0|0|0|0|0|0|0|0|0|0|0|0|0|0|0|0|0|0|0|0|0|0|0|0|4|0
akumarpal|MVP|0|0|0|0|0|0|0|0|0|0|0|0|0|0|0|2|0|0|0|0|0|0|0|0|0|0|0|0|0|0|0|0|0|0|0|0|0|0|0|0|0|0|0|0|0|0|0|0|0|0|0|0|0|0|0|0|0|0|0|0|2|0
esquivelj|MVP|0|0|0|0|0|0|0|0|0|0|0|0|0|0|0|0|0|0|4|1|0|0|0|0|0|0|0|0|0|0|0|0|0|0|0|0|0|0|0|0|0|0|0|0|0|0|0|0|0|0|0|0|0|0|0|0|0|0|0|0|0|0
esquivelj|Summit|0|0|0|0|0|0|0|0|0|0|0|0|0|0|0|0|0|0|0|0|0|0|0|0|0|0|0|0|0|0|0|0|0|0|0|0|0|0|0|0|0|0|6|0|0|0|0|0|0|0|0|0|0|0|0|0|0|0|0|0|0|0
esquivelj|Cetera Advisor Networks|0|0|0|0|0|0|0|0|0|0|0|0|0|0|0|0|0|0|0|0|0|0|0|0|0|0|0|0|0|0|0|0|0|0|0|0|0|0|0|0|0|0|1|0|0|0|0|0|0|0|0|0|0|0|0|0|0|0|0|0|1|0
esquivelj|Cetera Financial Specialists|0|0|0|0|0|0|0|0|0|0|0|0|0|0|0|0|0|0|0|0|0|0|0|0|0|0|0|0|0|0|0|0|0|0|0|0|0|0|0|0|0|0|1|0|0|0|0|0|0|0|0|0|0|0|0|0|0|0|0|0|0|0
marchants|Summit|0|0|0|0|0|0|0|0|0|0|0|0|0|0|0|0|0|0|0|0|0|0|0|0|0|0|0|0|0|0|0|0|0|0|0|0|0|0|0|0|0|0|0|0|0|0|0|0|0|0|0|0|0|0|0|0|0|0|0|0|1|0
mcdonalda|MVP|0|0|0|0|0|0|0|0|0|0|0|0|0|0|0|0|0|0|6|1|2|0|0|0|0|0|0|0|0|0|0|0|0|0|0|0|0|0|0|0|0|0|0|0|1|0|0|0|0|0|0|0|0|0|0|0|0|0|0|0|0|0
mcdonalda|Summit|0|0|0|0|0|0|0|0|0|0|0|0|0|0|0|0|0|0|0|0|0|0|0|0|0|0|0|0|0|0|0|0|0|0|0|0|0|0|0|0|0|0|3|3|3|0|0|0|0|0|0|0|0|0|0|0|0|0|0|0|0|0
mcdonalda|Cetera Advisors|0|0|0|0|0|0|0|0|0|0|0|0|0|0|0|0|0|0|0|0|0|0|0|0|0|0|0|0|0|0|0|0|0|0|0|0|0|0|0|0|0|0|3|0|0|0|0|0|0|0|0|0|0|0|0|0|0|0|0|0|0|0
mcdonalda|Cetera Advisor Networks|0|0|0|0|0|0|0|0|0|0|0|0|0|0|0|0|0|0|0|0|0|0|0|0|0|0|0|0|0|0|0|0|0|0|0|0|0|0|0|0|0|0|7|1|2|0|0|0|0|0|0|0|0|0|0|0|0|0|0|0|0|0
mcdonalda|Cetera Financial Specialists|0|0|0|0|0|0|0|0|0|0|0|0|0|0|0|0|0|0|0|0|0|0|0|0|0|0|0|0|0|0|0|0|0|0|0|0|0|0|0|0|0|0|1|0|1|0|0|0|0|0|0|0|0|0|0|0|0|0|0|0|0|0
halversonc|Cetera Advisors|0|0|0|0|0|0|0|0|0|0|0|0|0|0|0|0|0|0|0|0|0|0|0|0|0|0|0|0|0|0|0|0|0|0|0|0|1|0|0|0|0|0|0|0|0|0|0|0|0|0|0|0|0|0|0|0|0|0|0|0|0|0
halversonc|Cetera Advisor Networks|0|0|0|0|0|0|0|0|0|0|0|0|0|0|0|0|0|0|0|0|0|0|0|0|0|0|0|0|0|0|0|0|0|0|0|0|5|0|0|0|0|0|0|0|0|0|0|0|0|0|0|0|0|0|0|0|0|0|0|0|0|0
halversonc|Cetera Financial Specialists|0|0|0|0|0|0|0|0|0|0|0|0|0|0|0|0|0|0|0|0|0|0|0|0|0|0|0|0|0|0|0|0|0|0|0|0|3|0|0|0|0|0|0|0|0|0|0|0|0|0|0|0|0|0|0|0|0|0|0|0|0|0
klepingerk|MVP|0|0|0|0|0|0|5|0|0|0|0|0|0|0|0|0|0|0|0|0|0|0|0|0|0|0|0|0|0|0|0|0|0|0|0|0|0|0|0|5|0|0|0|0|0|0|0|0|0|0|0|0|0|0|0|0|0|0|0|0|5|0
klepingerk|Cetera Advisors|0|0|0|0|0|0|1|0|0|0|0|0|0|0|0|0|0|0|0|0|0|0|0|0|0|0|0|0|0|0|0|0|0|0|0|0|0|0|0|1|0|0|0|0|0|0|0|0|0|0|0|0|0|0|0|0|0|0|0|0|0|0
klepingerk|Cetera Advisor Networks|0|0|0|0|0|0|9|0|0|0|0|0|0|0|0|0|0|0|0|0|0|0|0|0|0|0|0|0|0|0|0|0|0|0|0|0|0|0|0|9|0|0|0|0|0|0|0|0|0|0|0|0|0|0|0|0|0|0|0|0|8|0
scapecchij|MVP|0|0|0|0|0|0|0|0|0|0|0|0|0|0|0|0|0|0|0|0|0|0|0|0|0|0|0|0|0|0|0|0|0|0|0|0|0|0|0|0|0|0|0|0|0|0|0|0|0|0|0|0|0|0|0|0|0|0|0|0|3|0
scapecchij|Summit|0|0|0|0|0|0|0|0|0|0|0|0|0|0|0|0|0|0|0|0|0|0|0|0|0|0|0|0|0|0|0|0|0|0|0|0|0|0|0|0|0|0|0|0|0|25|5|1|0|0|0|0|0|0|0|0|0|0|0|0|49|0
scapecchij|Cetera Advisors|0|0|0|0|0|0|0|0|0|0|0|0|0|0|0|0|0|0|0|0|0|0|0|0|0|0|0|0|0|0|0|0|0|0|0|0|0|0|0|0|0|0|0|0|0|1|0|0|0|0|0|0|0|0|0|0|0|0|0|0|0|0
scapecchij|Cetera Advisor Networks|0|0|0|0|0|0|0|0|0|0|0|0|0|0|0|0|0|0|0|0|0|0|0|0|0|0|0|0|0|0|0|0|0|0|0|0|0|0|0|0|0|0|0|0|0|0|0|0|0|0|0|0|0|0|0|0|0|0|0|0|6|0
kloberdanzr|MVP|0|0|0|0|0|0|0|0|0|0|0|0|0|0|0|0|0|0|0|0|0|29|10|1|0|0|0|0|0|0|0|0|0|0|0|0|0|0|0|0|0|0|0|0|0|0|0|0|0|0|0|0|0|0|0|0|0|0|0|0|0|1
kloberdanzr|Summit|0|0|0|0|0|0|0|0|0|0|0|0|0|0|0|0|0|0|0|0|0|0|0|0|0|0|0|0|0|0|0|0|0|0|0|0|0|0|0|0|0|0|0|0|0|15|0|1|0|0|0|0|0|0|0|0|0|0|0|0|0|0
sithonnoratha1|MVP|0|0|0|0|0|0|0|0|0|0|0|0|0|0|0|0|0|0|3|0|5|0|0|0|0|0|0|0|0|0|0|0|0|0|0|0|0|0|0|0|0|0|0|0|0|0|0|0|0|0|0|0|0|0|0|0|0|0|0|0|0|0
sithonnoratha1|Summit|0|0|0|0|0|0|0|0|0|0|0|0|0|0|0|0|0|0|0|0|0|0|0|0|0|0|0|0|0|0|0|0|0|0|0|0|0|0|0|0|0|0|6|5|6|0|0|0|0|0|0|0|0|0|0|0|0|0|0|0|0|0
sithonnoratha1|Cetera Advisors|0|0|0|0|0|0|0|0|0|0|0|0|0|0|0|0|0|0|0|0|0|0|0|0|0|0|0|0|0|0|0|0|0|0|0|0|0|0|0|0|0|0|3|1|0|0|0|0|0|0|0|0|0|0|0|0|0|0|0|0|0|0
sithonnoratha1|Cetera Advisor Networks|0|0|0|0|0|0|0|0|0|0|0|0|0|0|0|0|0|0|0|0|0|0|0|0|0|0|0|0|0|0|0|0|0|0|0|0|0|0|0|0|0|0|2|0|3|0|0|0|0|0|0|0|0|0|0|0|0|0|0|0|0|0
sithonnoratha1|Cetera Financial Specialists|0|0|0|0|0|0|0|0|0|0|0|0|0|0|0|0|0|0|0|0|0|0|0|0|0|0|0|0|0|0|0|0|0|0|0|0|0|0|0|0|0|0|1|0|1|0|0|0|0|0|0|0|0|0|0|0|0|0|0|0|0|0



=====================RPT_11.5_09_28_17

babinats|Cetera Financial Specialists|0|0|0|0|0|0|0|0|0|0|0|0|0|0|0|0|0|0|0|0|0|0|0|0|0|0|0|0|2|0|0|0|0|0|0|0|0|0|0|0|0|0|0|0|0|0|0|0|0|0|0|0|0|0|0|0|0|0|0|0|0|0|0|0|0|0|0|0|0|0|0|0|0|0|0|0
leafstedtt|Cetera Financial Specialists|0|0|0|0|0|0|0|0|0|0|0|0|0|0|0|0|0|0|0|0|0|0|0|0|0|0|0|0|2|0|0|0|0|0|0|0|0|0|0|0|0|0|0|0|0|0|0|0|0|0|0|0|0|0|0|0|0|0|0|0|0|0|0|0|0|0|0|0|0|0|0|0|0|0|0|0
jiy|Cetera Advisor Networks|0|12|0|0|0|0|0|0|0|0|0|0|0|0|0|0|0|0|0|0|0|0|0|0|0|0|0|0|0|0|0|0|0|0|0|0|0|0|0|0|0|0|0|0|0|0|0|0|0|0|0|0|0|0|0|0|0|0|0|0|0|0|0|0|0|0|0|0|0|0|0|0|0|0|0|0
babinats||0|2|0|0|0|0|0|0|0|0|1|0|0|0|0|0|0|0|0|0|0|0|0|0|0|0|0|0|0|0|0|0|0|0|0|0|0|0|0|0|0|0|0|0|0|0|0|0|0|0|0|0|0|0|0|0|0|0|0|0|0|0|0|0|0|0|0|0|0|0|0|0|0|0|0|0
nielsena|Cetera Advisor Networks|0|4|0|0|0|0|0|0|0|0|0|0|0|0|0|0|0|0|0|0|0|0|0|0|0|0|0|0|0|0|0|0|0|0|0|0|0|0|0|0|0|0|0|0|0|0|0|0|0|0|0|0|0|0|0|0|0|0|0|0|0|0|0|0|0|0|0|0|0|0|0|0|0|0|0|0
jiy|Cetera Advisors|0|1|0|0|0|0|0|0|0|0|0|0|0|0|0|0|0|0|0|0|0|0|0|0|0|0|0|0|0|0|0|0|0|0|0|0|0|0|0|0|0|0|0|0|0|0|0|0|0|0|0|0|0|0|0|0|0|0|0|0|0|0|0|0|0|0|0|0|0|0|0|0|0|0|0|0
babinats|Cetera Advisor Networks|0|3|0|0|0|0|0|0|0|0|4|0|0|0|0|0|0|0|0|7|0|0|0|0|0|0|0|0|30|1|0|0|0|0|0|0|0|0|0|0|0|0|0|0|0|0|0|0|0|0|0|0|0|0|0|0|0|0|0|0|0|0|0|0|0|0|0|0|0|0|0|0|0|0|0|0
vanginkelj||0|1|0|0|0|0|0|0|0|0|0|0|0|0|0|0|0|0|0|0|0|0|0|0|0|0|0|0|0|0|0|0|0|0|1|0|0|0|0|0|0|0|0|0|0|0|0|0|0|0|0|0|0|0|0|0|0|0|0|0|0|0|0|0|0|0|0|0|0|0|0|0|0|0|0|0
nielsena|Cetera Advisors|0|6|0|0|0|0|0|0|0|0|0|0|0|0|0|0|0|0|0|0|0|0|0|0|0|0|0|0|0|0|0|0|0|0|0|0|0|0|0|0|0|0|0|0|0|0|0|0|0|0|0|0|0|0|0|0|0|0|0|0|0|0|0|0|0|0|0|0|0|0|0|0|0|0|0|0
nielsena|Cetera Financial Specialists|0|1|0|0|0|0|0|0|0|0|0|0|0|0|0|0|0|0|0|0|0|0|0|0|0|0|0|0|0|0|0|0|0|0|0|0|0|0|0|0|0|0|0|0|0|0|0|0|0|0|0|0|0|0|0|0|0|0|0|0|0|0|0|0|0|0|0|0|0|0|0|0|0|0|0|0
leafstedtt|Cetera Advisor Networks|0|0|0|0|0|0|0|0|0|0|0|0|0|0|0|0|0|0|0|0|0|0|0|0|0|0|0|0|31|1|0|0|0|0|0|0|0|0|0|0|0|0|0|0|0|0|0|0|0|0|0|0|0|0|0|0|0|0|0|0|0|0|0|0|0|0|0|0|0|0|0|0|0|0|0|0
vanginkelj|Cetera Advisors|0|0|0|0|0|0|0|0|0|0|0|0|0|0|0|0|0|0|0|1|0|0|0|0|0|0|0|0|1|0|0|0|0|0|0|0|0|0|0|0|0|0|0|0|0|0|0|0|0|0|0|0|0|0|0|0|0|0|0|0|0|0|0|0|0|0|0|0|0|0|0|0|0|0|0|0
babinats|Cetera Advisors|0|0|0|0|0|0|0|0|0|0|0|0|0|0|0|0|0|0|0|2|0|0|0|0|0|0|0|0|14|3|0|0|0|0|0|0|0|0|0|0|0|0|0|0|0|0|0|0|0|0|0|0|0|0|0|0|0|0|0|0|0|0|0|0|0|0|0|0|0|0|0|0|0|0|0|0
leafstedtt|Cetera Advisors|0|0|0|0|0|0|0|0|0|0|0|0|0|0|0|0|0|0|0|0|0|0|0|0|0|0|0|0|18|1|0|0|0|0|0|0|0|0|0|0|0|0|0|0|0|0|0|0|0|0|0|0|0|0|0|0|0|0|0|0|0|0|0|0|0|0|0|0|0|0|0|0|0|0|0|0
vanginkelj|Cetera Advisor Networks|0|1|0|0|0|0|0|0|0|0|0|0|0|0|0|0|0|0|0|2|0|0|0|0|0|0|0|0|0|0|0|0|0|0|0|0|0|0|0|0|0|0|0|0|0|0|0|0|0|0|0|0|0|0|0|0|0|0|0|0|0|0|0|0|0|0|0|0|0|0|0|0|0|0|0|0


